92,434,113,109,64,303,306,43,562,290,588,465,490,304,419,203,229,120,129,578
107,158,583,121,40,376,459,427,10,492,521,15,581,330,176,347,553,286,551,194
312,560,98,225,379,542,580,510,371,152,559,583,503,443,381,218,24,394,410,317
516,587,63,320,142,448,488,20,341,97,586,285,369,205,257,91,450,293,162,430
49,543,238,364,560,558,246,156,580,269,274,584,420,520,407,86,33,210,263,499
350,91,584,425,398,100,78,215,230,526,395,42,275,548,35,473,424,227,402,585
151,501,244,322,115,105,579,202,256,2,213,204,210,459,101,541,362,155,588,250
169,368,310,444,316,577,380,382,499,370,26,493,282,416,221,552,580,58,73,401
333,353,580,87,469,449,480,113,315,198,272,403,579,544,159,244,229,10,350,507
288,393,227,263,387,12,267,555,482,575,585,79,160,280,269,26,580,502,366,379
468,116,290,423,578,240,46,477,175,471,76,5,403,581,363,335,401,518,481,329
584,56,489,384,65,397,476,158,565,190,492,373,339,408,451,300,117,578,106,501
364,583,457,435,306,305,30,441,75,282,428,361,300,169,473,95,588,41,156,411
381,431,199,154,75,127,540,181,83,224,329,584,208,353,21,577,325,466,486,99
208,394,447,397,308,491,49,584,8,227,523,461,103,262,154,218,448,68,441,587
475,422,125,69,84,407,483,464,588,479,547,585,333,576,413,470,266,60,301,2
580,512,243,472,531,162,149,345,303,518,389,1,585,330,24,284,442,117,563,515
269,271,367,499,203,224,226,558,541,321,360,90,178,49,585,261,540,208,583,520
582,31,483,172,361,570,118,569,523,196,348,580,411,231,138,550,153,13,425,391
144,435,482,192,26,282,450,53,157,586,534,418,583,378,397,4,228,15,408,89
449,516,24,381,447,411,44,288,510,186,579,241,373,92,242,536,582,454,81,250
136,76,260,356,326,539,467,248,191,586,339,440,109,1,584,119,555,472,540,257
453,135,484,356,338,505,417,353,349,29,144,287,46,489,532,514,194,583,222,581
436,254,547,351,307,199,212,78,142,172,577,291,400,124,231,578,9,437,204,130
265,119,586,134,107,461,267,578,495,116,567,459,343,16,436,77,471,525,145,47
187,453,492,119,331,111,387,375,563,19,174,570,250,81,237,578,180,579,557,135
138,531,206,454,582,439,250,569,183,141,233,148,384,40,161,506,579,433,422,145
334,302,155,415,63,263,139,331,563,432,350,117,581,568,583,133,39,33,42,115
255,100,71,219,218,5,254,587,28,565,577,23,513,53,206,160,43,431,325,281
4,551,578,535,583,569,523,352,438,373,265,150,92,554,316,515,170,495,159,400
161,328,558,524,37,181,581,521,54,582,535,40,140,148,561,31,285,183,176,557
91,438,161,95,460,588,38,404,324,226,255,456,377,195,526,450,200,430,580,40
132,360,579,290,386,273,480,271,307,585,389,571,370,451,562,102,293,181,408,207
488,580,117,572,586,517,239,194,405,576,104,217,352,39,486,419,297,369,512,230
582,91,313,588,244,58,426,366,240,267,232,18,502,179,118,85,452,64,38,396
355,50,123,581,527,509,490,136,587,317,175,526,223,57,45,332,113,381,447,320
204,588,61,251,455,500,509,410,21,368,88,265,133,367,165,584,362,50,22,168
382,494,448,62,419,301,233,568,121,349,585,82,120,529,536,503,73,586,371,561
378,518,478,477,379,323,16,174,437,165,586,390,277,577,392,20,163,534,75,540
339,248,236,162,106,268,241,25,445,586,351,423,452,355,243,458,22,364,179,579
587,197,30,209,252,112,581,513,254,491,475,330,32,168,292,90,564,453,43,340
288,31,374,163,584,464,90,316,583,516,489,455,244,345,296,354,268,196,249,346
580,484,188,107,6,365,588,324,334,178,434,217,412,94,72,295,279,112,280,213
581,369,214,37,166,284,352,435,221,380,423,230,585,74,25,109,365,550,272,116
191,479,79,59,285,10,451,585,82,429,73,281,508,262,577,158,155,34,445,200
579,38,463,487,21,188,266,496,118,457,548,67,276,317,578,512,279,135,17,502
239,179,383,346,474,382,62,57,585,580,142,114,219,309,166,109,532,31,46,180
182,568,63,28,170,519,258,493,505,261,260,286,288,295,386,578,498,586,93,437
122,76,455,205,579,374,395,566,101,399,262,369,400,584,28,302,84,11,34,309
436,365,289,80,37,277,151,165,314,525,375,155,337,535,581,17,170,584,210,519
357,232,282,299,473,547,586,559,72,121,496,474,58,298,376,534,264,281,588,14
77,279,23,441,587,392,357,363,303,464,573,527,515,17,243,553,538,300,578,264
508,444,579,565,581,545,427,467,447,550,516,125,198,131,359,311,315,433,401,409
528,216,52,257,166,244,260,461,442,184,578,185,261,414,493,170,496,588,77,188
353,473,417,168,85,501,271,465,440,201,192,578,576,368,469,235,78,232,587,48
306,384,570,110,579,405,438,124,462,488,325,433,185,492,507,240,581,392,98,45
462,312,469,338,266,578,413,307,168,291,303,581,225,485,265,311,339,518,89,276
89,214,317,101,443,588,342,457,517,506,212,446,19,256,196,249,419,247,380,584
1,395,291,295,368,410,104,182,412,172,519,25,169,222,537,584,586,312,375,473
260,69,183,12,63,192,579,243,27,347,588,65,422,344,162,51,140,161,172,64
399,449,585,546,3,73,559,17,280,475,586,491,477,502,74,521,228,76,11,393
126,389,79,50,292,407,354,569,520,322,574,517,588,164,466,580,416,342,421,302
360,404,198,235,32,427,580,356,11,124,18,211,130,571,577,229,195,486,140,146
494,577,533,522,1,129,360,511,6,584,128,548,220,260,425,528,495,143,310,47
558,497,178,577,184,371,413,287,318,97,23,432,209,211,580,80,335,31,264,148
489,134,362,300,585,368,29,323,233,466,293,78,472,464,359,563,358,587,365,222
99,285,444,571,143,494,4,10,310,11,483,253,581,20,286,7,313,442,96,586
587,15,205,241,160,391,468,357,551,280,461,5,427,331,485,314,42,228,585,150
395,339,586,150,494,452,577,514,292,197,283,157,268,315,33,374,405,382,249,116
474,577,34,406,378,446,236,359,586,131,265,279,47,319,537,347,92,443,357,410
41,515,545,456,588,216,54,440,572,98,294,359,211,206,273,578,166,55,424,193
482,386,495,585,427,537,230,213,384,246,318,122,16,94,398,396,107,425,586,8
26,402,209,296,529,450,335,586,406,391,333,67,70,583,330,468,487,340,15,201
18,385,124,462,582,296,56,81,55,228,337,7,432,270,581,111,291,485,532,342
109,196,452,352,522,247,229,580,582,290,96,298,239,486,191,127,468,95,328,274
311,165,256,344,356,239,581,106,314,579,61,518,72,196,22,36,1,338,420,28
15,588,120,467,29,132,431,153,56,349,167,454,189,539,586,469,398,129,264,281
417,234,584,269,354,54,586,128,387,443,139,197,369,70,177,9,481,321,105,409
133,17,445,444,285,390,306,364,208,113,424,308,586,406,326,452,587,20,132,287
276,488,39,189,33,154,404,568,63,199,274,586,583,314,324,362,105,213,193,235
554,438,439,313,144,259,533,549,514,349,354,45,46,166,251,545,582,581,168,234
327,448,111,72,575,483,458,59,581,256,297,132,169,124,91,586,415,318,66,343
215,335,393,358,508,544,180,113,98,559,173,19,521,583,311,303,585,574,538,204
346,528,24,581,312,546,407,152,271,583,438,239,399,177,151,72,321,182,383,84
136,533,577,112,74,252,584,426,305,393,46,388,258,36,323,156,191,14,52,119
503,412,544,71,128,572,508,564,578,280,123,567,291,344,403,584,134,238,328,231
541,496,538,390,99,588,131,84,38,253,41,218,480,266,327,393,486,77,587,180
159,490,577,78,79,13,5,255,48,515,583,202,472,254,189,133,385,2,437,333
281,550,25,587,275,74,210,571,490,65,498,177,491,51,428,516,332,137,578,401
164,163,173,338,404,304,65,418,587,227,185,137,588,177,86,43,471,283,552,344
320,217,543,428,21,153,145,147,340,402,360,234,13,215,583,507,332,584,243,106
290,586,343,247,463,292,36,539,582,162,476,203,520,485,158,364,564,138,306,376
95,87,484,3,583,13,468,476,274,221,537,176,108,61,507,71,245,584,498,430
64,66,530,490,211,581,294,42,317,141,531,383,150,7,44,411,585,525,372,126
32,278,588,9,564,108,130,120,242,299,212,176,429,123,69,219,259,18,587,149
203,579,126,27,414,278,298,371,174,202,206,477,406,151,407,200,237,58,585,388
513,139,583,6,286,22,308,48,587,314,99,449,14,346,558,52,60,193,8,551
89,370,584,262,534,568,294,187,414,240,171,27,540,469,583,319,56,309,463,88
270,341,189,546,585,172,149,584,529,103,133,465,187,373,346,313,228,139,557,246
230,343,341,292,491,585,542,297,9,394,414,578,296,34,52,299,319,87,416,241
144,322,580,40,537,302,433,141,578,258,159,272,253,498,299,519,470,383,382,81
549,449,474,396,68,399,358,202,212,270,169,426,581,215,385,219,376,577,188,272
167,8,324,219,105,391,102,301,458,259,579,36,375,585,390,86,110,338,337,128
30,379,388,504,588,347,318,37,220,236,363,575,289,579,479,463,96,207,143,36
248,138,85,580,51,446,337,523,588,232,535,361,114,250,334,336,105,327,456,50
354,49,307,48,249,538,560,370,273,579,585,361,372,456,398,556,495,62,194,271
587,481,235,455,121,462,141,82,19,362,581,77,320,110,471,174,233,60,161,319
125,276,69,484,41,252,456,93,197,565,446,35,583,579,533,426,546,301,12,305
39,415,554,403,186,331,556,159,416,129,114,147,474,578,275,102,345,569,582,460
323,315,304,555,100,436,125,389,582,458,570,586,42,212,372,123,465,434,350,27
445,464,246,560,580,83,566,156,344,529,94,483,147,108,478,293,582,3,25,259
542,454,401,503,193,541,466,27,562,430,68,520,563,39,586,578,512,101,372,509
190,122,402,366,288,312,418,588,48,422,584,222,511,52,88,420,487,460,546,295
458,587,108,103,453,142,165,311,391,443,370,32,511,140,583,286,82,504,436,454
158,205,561,19,245,65,582,441,284,587,400,380,505,269,451,148,440,481,557,552
398,337,184,342,238,505,374,49,248,543,467,60,326,390,511,513,586,578,224,57
134,123,361,504,104,481,137,220,586,355,126,349,498,100,394,412,577,379,510,471
84,209,145,182,582,500,83,245,567,396,493,157,499,484,252,160,316,583,351,104
435,54,570,147,207,202,415,543,175,156,192,261,183,289,268,387,581,95,366,583
450,581,442,377,387,524,542,111,258,373,88,160,59,567,415,205,536,584,348,120
278,531,467,223,62,433,276,421,37,302,581,408,548,104,164,459,555,154,587,383
553,577,377,388,476,35,198,152,341,539,586,504,191,146,53,492,510,421,457,67
23,272,194,214,431,201,135,587,59,573,528,532,541,6,553,136,225,580,441,257
287,304,423,422,357,220,418,112,283,264,417,581,583,93,241,157,178,497,240,421
94,129,482,298,122,131,284,579,355,34,126,279,199,554,451,185,167,147,586,225
258,146,523,574,581,64,477,587,171,119,153,425,192,386,392,524,348,83,550,145
263,12,348,45,578,30,251,221,386,426,179,97,588,197,374,210,143,138,509,209
587,108,512,444,577,439,171,44,195,533,35,527,102,506,261,326,237,562,76,184
208,283,220,7,90,226,581,214,58,527,195,186,329,87,544,460,54,586,20,536
184,587,181,125,93,576,530,584,365,167,405,127,224,331,223,295,298,266,173,396
579,181,53,294,13,182,325,216,551,530,400,453,253,587,447,397,507,246,71,179
2,114,256,367,327,75,309,575,200,470,587,334,532,531,408,583,428,30,274,514
4,73,421,478,367,327,580,92,299,318,581,488,394,85,80,67,375,277,225,273
543,216,359,183,62,310,547,489,189,482,2,154,16,463,584,573,538,372,581,11
294,511,585,573,148,429,392,584,326,504,247,522,221,214,448,377,500,549,316,376
242,87,460,395,363,409,329,55,381,580,152,506,480,186,555,485,139,336,584,81
348,143,10,283,534,552,582,431,3,478,499,118,549,519,178,413,554,86,577,57
309,321,151,572,61,217,187,149,497,434,585,388,363,234,418,324,66,583,232,170
347,320,341,522,190,83,201,101,68,548,472,476,564,111,567,585,22,351,432,581
14,556,513,267,66,332,270,345,50,514,334,575,577,59,268,549,188,377,587,223
32,584,155,585,175,350,308,130,9,227,242,259,12,429,186,479,24,435,445,526
29,566,305,583,353,501,211,275,93,235,171,115,578,175,102,236,556,137,526,150
263,566,127,508,583,6,301,442,293,561,47,475,466,588,275,547,44,112,199,55
462,536,229,89,163,282,231,270,424,588,226,416,253,142,68,580,411,576,80,336
273,51,117,583,69,552,140,278,71,167,5,45,176,134,116,35,43,581,525,103
152,553,137,157,574,585,94,560,506,236,439,545,289,190,403,428,566,60,582,26
222,336,106,41,503,217,97,586,29,470,402,578,149,409,366,44,127,420,500,487
56,90,406,565,577,330,501,254,308,397,578,539,255,242,146,130,195,218,96,502
505,581,497,367,206,164,224,118,522,559,487,582,542,321,535,204,530,378,351,528
215,581,578,248,410,479,267,66,446,115,247,88,355,496,201,110,527,121,524,420
187,207,200,38,587,284,588,164,33,434,216,493,114,174,389,345,107,277,28,432
198,336,470,500,328,131,478,238,588,335,329,319,249,96,544,47,213,579,517,75
557,8,423,325,577,103,180,429,307,132,144,378,14,61,322,352,586,173,231,115
245,70,278,358,545,190,457,578,384,305,459,55,405,251,97,404,585,315,525,297
233,135,4,455,419,16,586,343,257,262,79,277,588,3,163,234,409,252,358,136
494,70,237,67,529,380,517,110,328,287,584,185,74,177,440,7,146,412,587,203
340,521,371,313,21,584,574,51,577,82,70,414,480,304,461,207,251,296,561,385
437,323,475,86,332,23,57,385,509,413,18,245,300,583,524,340,587,223,497,128
356,530,122,255,53,238,399,556,465,171,85,585,510,297,424,322,173,588,100,193
141,333,573,99,153,310,430,237,571,289,417,572,583,342,98,439,80,226,581,562
