452,307,464,19,156,303,18,291,468,457,588,219,509,84,300,449,478,544,513,578
361,553,583,14,467,328,543,427,338,483,351,501,581,566,122,23,219,84,437,118
573,2,422,48,373,235,580,427,500,162,201,583,296,443,243,366,18,286,277,205
497,587,245,72,238,132,488,381,121,374,586,402,193,571,293,355,428,215,277,297
508,389,163,238,73,202,446,33,580,249,409,584,418,520,36,136,217,86,547,420
314,184,584,496,445,4,37,571,450,188,508,167,396,548,538,160,238,326,203,585
354,501,352,245,331,113,579,249,378,452,417,181,219,574,326,444,222,48,588,576
484,516,136,35,273,577,143,382,499,489,229,30,76,166,160,249,580,543,71,396
92,224,580,571,221,75,346,267,552,345,120,403,579,496,518,427,169,378,40,469
288,441,307,313,315,165,208,116,573,32,585,79,279,242,82,306,580,243,400,11
447,478,536,333,578,135,183,389,429,320,310,96,198,581,205,335,342,55,184,534
584,12,238,175,431,214,51,69,555,527,144,373,61,63,98,161,17,578,454,153
510,583,152,423,306,539,392,488,12,108,20,432,52,492,468,189,588,33,287,459
82,100,481,126,41,53,29,181,162,215,470,584,260,305,340,577,183,233,148,245
401,575,447,110,430,454,271,584,359,100,473,279,383,441,171,243,503,173,216,587
352,58,158,306,384,331,244,464,588,506,45,585,411,535,543,275,536,135,284,264
580,471,221,102,176,169,149,440,418,271,19,403,585,132,371,556,549,541,477,232
152,96,129,499,304,310,348,86,423,525,294,540,203,9,585,334,345,451,583,384
582,519,263,234,512,246,112,569,531,90,434,580,256,422,159,87,375,507,209,348
136,491,482,522,347,209,333,240,353,586,533,158,583,33,250,489,163,179,167,315
412,88,81,526,124,537,139,375,419,186,579,260,3,362,382,70,582,184,444,347
110,263,104,436,298,539,182,329,502,586,510,442,391,305,584,220,54,472,114,275
26,135,142,270,151,235,188,16,506,523,38,294,438,385,247,519,311,583,35,581
208,8,434,351,9,236,80,521,379,398,577,127,501,67,571,578,198,284,468,335
239,560,586,4,326,536,269,578,378,522,230,559,187,16,46,411,312,351,227,359
346,161,411,522,128,111,504,331,27,477,404,453,256,180,12,578,251,579,508,90
182,44,215,164,582,180,195,95,63,462,283,148,239,301,393,446,579,119,120,484
481,491,258,239,289,185,288,490,135,404,272,74,581,287,583,133,39,171,211,486
536,245,71,2,569,279,287,587,425,565,577,551,17,243,160,509,211,574,471,139
209,551,578,572,583,196,70,445,39,557,347,407,91,231,425,491,111,140,99,93
316,470,508,436,299,181,581,565,481,582,368,359,376,125,555,554,285,256,401,185
91,437,19,312,330,588,32,105,259,21,175,264,182,469,97,211,290,556,580,49
328,528,579,132,386,564,95,395,504,585,522,373,203,213,131,320,99,174,269,480
428,580,492,449,586,312,280,164,405,296,185,178,47,68,370,494,77,115,342,416
582,477,313,588,162,103,404,364,391,494,32,266,107,570,72,544,198,57,337,507
346,514,556,581,304,215,327,246,587,191,141,554,223,417,292,106,333,159,44,199
206,588,167,500,332,460,475,123,176,368,20,159,409,367,226,584,5,519,507,371
492,282,390,342,178,301,53,86,237,241,585,82,530,388,218,339,316,586,125,156
22,223,11,206,92,350,570,396,43,493,586,473,367,577,410,325,98,74,407,540
406,336,356,575,106,329,138,131,232,586,193,320,7,278,252,158,58,64,99,579
587,391,265,15,270,488,581,487,529,260,426,330,295,93,563,101,476,393,282,448
490,305,58,120,584,446,33,207,583,146,552,565,330,374,378,383,372,19,247,346
580,500,87,100,50,191,588,270,116,443,161,295,51,410,74,57,279,233,172,254
581,94,137,523,282,237,480,210,325,388,31,450,585,142,153,314,365,308,541,506
191,190,321,454,29,187,240,585,534,81,402,431,300,576,577,406,352,181,513,101
579,254,560,100,130,157,479,108,301,226,573,60,255,570,578,439,420,358,17,290
328,83,395,458,472,275,62,284,585,580,437,56,427,7,384,109,338,354,265,14
13,561,251,523,97,106,103,493,195,80,403,525,316,463,527,578,177,586,224,22
109,28,458,172,579,461,395,251,365,122,414,372,145,584,273,558,160,54,513,224
202,407,289,491,466,292,310,334,372,552,306,396,370,97,581,326,430,584,4,205
569,380,10,299,300,177,586,512,128,490,555,204,387,197,52,241,309,281,588,393
22,377,78,276,587,124,29,216,323,349,516,139,60,546,38,102,538,497,578,549
105,41,579,493,581,172,233,456,453,89,436,356,252,432,45,318,6,43,401,415
269,281,564,180,560,244,483,309,37,559,578,114,89,246,415,327,448,588,3,173
267,107,24,134,85,178,271,254,410,377,328,578,283,387,305,153,547,416,587,48
387,49,16,79,579,455,433,55,496,368,41,289,141,228,96,287,581,58,98,38
480,339,335,132,44,578,307,314,210,372,414,581,450,20,265,451,496,184,124,360
355,532,317,211,152,588,342,442,357,212,566,380,153,550,102,520,353,232,225,584
1,499,330,125,213,529,319,322,443,60,152,220,250,358,452,584,586,168,12,197
154,198,183,126,531,451,579,5,120,435,588,376,510,101,149,373,15,440,248,165
127,558,585,546,280,297,487,370,380,39,586,567,440,91,333,69,518,61,505,513
241,478,307,562,18,467,131,425,65,115,253,22,588,105,373,580,120,523,76,302
534,104,166,216,101,240,580,261,11,285,221,292,528,180,577,511,259,165,427,140
343,577,436,554,568,218,201,502,383,584,128,461,75,260,505,258,173,441,473,71
77,122,385,577,30,66,28,371,408,338,23,365,174,123,580,567,467,520,50,170
539,413,545,303,585,29,511,438,419,389,426,78,296,22,408,200,503,587,547,65
443,530,250,571,150,521,50,284,566,529,253,397,581,88,266,379,282,353,53,586
587,526,384,319,343,47,363,341,68,416,545,497,289,294,485,486,451,194,585,318
199,294,586,217,130,452,577,136,357,390,134,206,375,376,148,287,213,382,219,550
557,577,450,406,555,31,505,140,586,107,313,73,413,148,205,481,311,5,281,176
211,357,534,73,588,442,389,529,161,335,44,227,239,188,504,578,316,55,26,16
87,259,199,585,276,228,332,192,434,553,20,105,502,267,398,475,295,510,586,447
324,361,104,25,532,277,343,586,350,255,147,67,412,583,157,569,1,568,344,432
245,38,226,95,582,465,276,234,375,8,348,218,257,114,581,568,291,519,98,368
394,196,166,292,397,129,462,580,582,37,96,203,522,36,144,402,363,170,159,274
438,458,256,325,85,283,581,40,172,579,112,339,489,550,138,400,558,538,334,235
15,588,541,263,222,249,63,520,508,363,567,117,274,470,586,510,398,465,21,421
259,234,584,43,341,170,586,438,30,304,360,421,213,73,291,299,239,72,471,570
133,194,309,28,103,301,575,526,564,92,318,468,586,25,212,352,587,48,409,241
170,512,50,280,39,244,369,91,63,422,354,586,583,486,514,418,196,531,489,562
554,216,102,457,388,479,444,127,69,492,473,68,514,525,198,546,582,581,490,350
51,576,212,162,349,15,400,130,581,93,7,144,531,236,454,586,237,318,568,430
115,533,108,296,113,264,121,539,47,416,301,193,381,583,552,317,585,574,195,492
314,78,17,581,77,381,154,463,84,583,36,498,467,157,439,399,134,54,383,549
559,474,577,283,397,217,584,426,68,402,46,28,448,464,230,227,385,257,179,336
535,229,542,459,371,429,369,125,578,315,11,273,137,228,9,584,553,345,235,231
431,121,535,463,205,588,186,377,466,182,278,10,85,124,277,366,180,77,587,280
516,55,577,452,391,338,155,320,14,515,583,513,363,183,344,292,83,286,174,214
149,209,515,587,319,67,210,162,405,572,469,414,528,270,462,207,276,311,578,46
197,154,18,406,168,128,36,5,587,425,559,191,588,177,329,443,405,90,557,108
320,339,150,515,27,341,116,147,29,532,81,181,66,213,583,504,144,584,74,538
424,586,369,323,324,438,112,278,582,174,317,117,73,295,399,364,276,459,537,237
541,45,50,420,583,21,392,360,406,391,69,26,108,266,187,300,398,584,503,430
2,466,89,485,512,581,117,498,87,573,531,394,155,478,64,90,585,97,524,142
32,392,588,199,351,272,558,431,164,26,138,76,137,413,188,357,366,484,587,248
190,579,533,498,149,561,572,64,172,202,286,189,163,404,54,376,444,229,585,560
394,552,583,306,233,393,215,188,587,278,343,449,410,432,53,346,327,518,95,483
426,501,584,511,104,253,222,400,414,37,130,550,308,379,583,8,479,533,361,88
272,459,415,358,585,336,413,584,380,313,555,465,156,286,257,177,107,99,77,75
57,258,63,544,551,585,542,137,421,209,90,578,348,281,49,165,378,3,294,241
107,234,580,434,324,144,25,141,578,232,165,274,433,95,27,62,14,3,224,157
150,66,517,293,226,511,146,268,445,317,455,109,581,424,385,220,537,577,495,509
156,408,430,385,481,267,200,485,143,503,579,303,34,585,341,506,248,42,337,10
177,57,388,179,588,23,13,450,484,268,272,390,319,579,302,140,469,65,379,195
40,23,140,580,218,515,147,290,588,131,514,361,220,84,145,410,563,327,214,26
269,46,309,174,479,574,169,483,333,579,585,521,93,235,495,344,316,338,194,506
587,352,528,167,51,8,532,118,114,362,581,82,61,110,37,324,171,230,155,293
71,32,572,339,207,286,30,298,456,347,499,35,583,579,400,163,362,542,152,47
539,349,464,9,297,424,511,422,397,544,357,311,474,578,493,131,42,52,582,179
187,392,279,470,433,356,395,200,582,303,222,586,42,526,10,460,231,434,408,337
141,203,323,214,580,344,254,224,502,251,94,76,482,129,89,85,582,56,390,433
331,118,80,337,220,6,48,27,553,504,446,518,227,426,586,578,332,468,110,119
548,325,497,442,264,110,167,588,321,389,584,559,118,138,573,335,487,171,16,293
417,587,564,21,453,230,58,114,363,34,25,329,575,567,583,412,448,376,146,454
76,440,24,125,207,65,582,318,569,587,358,231,505,321,353,255,262,1,334,524
519,170,52,190,507,529,133,61,2,422,122,60,461,255,386,321,586,578,273,86
192,135,332,362,82,268,65,538,586,105,69,349,151,54,193,412,577,350,7,288
207,49,145,386,582,45,566,219,166,236,111,548,103,439,360,463,252,583,440,137
507,309,260,517,236,475,375,561,299,336,534,362,38,142,119,232,581,424,366,583
516,581,401,98,59,3,201,221,461,407,553,347,91,323,459,455,536,584,117,462
340,158,92,74,520,502,512,136,262,415,581,68,355,104,94,70,121,321,587,437
399,577,545,576,476,349,563,322,496,298,586,15,460,45,393,315,525,11,175,420
394,540,24,487,530,524,106,587,59,221,312,173,471,87,270,223,204,580,308,499
369,433,272,92,97,80,418,556,271,464,262,581,583,340,322,163,56,449,242,567
27,382,208,64,345,274,284,579,498,119,6,371,257,62,138,157,379,472,586,307
59,445,24,495,581,14,5,587,308,119,129,488,192,353,365,273,487,126,223,208
66,257,176,498,578,408,59,143,386,158,563,252,588,250,374,550,355,562,113,485
587,192,130,428,577,390,407,317,195,296,397,435,102,168,494,41,111,436,446,6
196,546,248,340,132,123,581,179,563,545,485,399,558,535,39,460,134,586,30,327
449,587,474,482,412,1,421,584,242,456,40,59,83,308,547,56,298,288,116,156
579,564,419,94,13,112,302,202,527,503,562,414,253,587,290,146,429,189,474,34
548,322,418,367,237,392,377,575,222,295,587,395,94,473,476,583,153,285,34,225
547,429,160,298,540,343,580,129,479,13,581,231,148,78,61,535,249,277,451,258
113,457,7,447,355,310,171,123,350,93,275,64,238,328,584,146,281,372,581,147
40,337,585,62,374,258,360,584,49,126,302,417,149,214,331,565,561,247,184,329
186,133,60,100,566,431,210,377,271,580,453,150,424,52,147,515,139,193,584,517
505,469,10,282,356,367,582,530,36,514,118,121,549,72,225,88,197,528,577,542
261,247,151,477,66,383,78,423,411,178,585,79,164,303,252,463,266,583,322,484
143,478,324,319,31,565,576,124,196,228,572,20,441,155,185,585,111,480,432,581
248,518,305,51,381,560,145,439,461,212,334,290,577,265,268,13,470,394,587,557
435,584,310,585,444,6,537,246,374,33,242,176,112,345,109,229,17,56,428,474
458,154,240,583,304,472,259,101,168,194,482,476,578,79,217,396,364,543,526,216
80,358,127,300,583,416,409,23,370,204,230,269,466,588,517,182,18,46,169,123
462,251,57,280,208,1,332,533,288,588,200,500,460,242,364,580,465,568,348,476
540,541,285,583,421,456,185,291,570,88,521,113,490,402,225,35,43,581,134,366
368,145,413,537,351,585,116,361,234,2,25,250,325,106,403,428,386,243,582,447
55,89,206,41,399,189,99,586,455,283,278,578,486,168,480,44,151,227,429,141
457,458,122,289,577,364,494,218,4,483,578,495,524,354,79,417,501,544,96,304
150,581,495,70,217,197,143,263,255,344,161,582,12,262,382,204,387,546,551,527
554,581,578,70,83,356,297,419,263,187,186,401,81,159,381,435,229,139,524,455
202,194,200,551,587,517,588,405,246,268,4,493,155,439,42,457,204,228,472,488
340,336,291,475,115,556,247,266,588,72,199,448,411,142,236,261,164,579,497,299
256,183,313,312,577,42,314,494,542,365,423,509,201,190,19,323,586,173,210,326
175,133,471,405,84,190,128,578,75,404,398,240,28,103,453,67,585,425,525,482
233,35,384,370,445,212,586,34,509,477,62,466,588,175,435,67,562,186,126,262
189,53,169,201,244,380,574,423,516,154,584,419,109,166,265,83,521,178,587,225
261,532,441,24,21,584,285,127,577,545,420,403,117,442,71,456,465,75,267,549
437,523,415,86,530,254,342,264,561,527,475,261,47,583,151,486,587,191,354,244
467,491,302,543,548,297,557,388,31,206,85,585,274,330,293,359,81,588,223,369
500,489,367,9,341,315,311,115,253,387,359,8,583,43,409,31,275,226,581,192
